sum<- 34+5
difference<- 34-5